4.359200000000000297e-01 -6.109600000000000586e-01 8.415999999999999870e-02
4.168799999999999728e-01 -5.926399999999999446e-01 1.011999999999999983e-01
4.124800000000000133e-01 -5.765600000000000724e-01 1.321599999999999997e-01
4.184800000000000186e-01 -5.694400000000000572e-01 1.772000000000000242e-01
4.379200000000000315e-01 -5.738400000000000167e-01 2.259200000000000097e-01
4.720799999999999996e-01 -5.873599999999999932e-01 2.731999999999999984e-01
5.102400000000000269e-01 -6.065600000000000991e-01 3.068799999999999861e-01
5.461599999999999788e-01 -6.234400000000001052e-01 3.223199999999999954e-01
5.753599999999999826e-01 -6.319199999999999262e-01 3.393599999999999950e-01
5.990400000000000169e-01 -6.332000000000000961e-01 3.599200000000000177e-01
6.178400000000000558e-01 -6.237599999999999811e-01 3.958400000000000252e-01
6.372000000000000997e-01 -6.136000000000000343e-01 4.524000000000000243e-01
6.584800000000000653e-01 -6.043999999999999373e-01 5.186399999999999899e-01
6.792799999999999949e-01 -5.963999999999999302e-01 6.001599999999999158e-01
6.951199999999999601e-01 -5.903200000000000669e-01 6.945600000000000662e-01
7.116000000000000103e-01 -5.865600000000000813e-01 8.053599999999999648e-01
7.292799999999999283e-01 -5.905600000000000849e-01 9.372000000000000330e-01
7.466399999999999704e-01 -6.055199999999999472e-01 1.074319999999999942e+00
7.643999999999999684e-01 -6.328000000000000291e-01 1.212880000000000180e+00
7.741599999999999593e-01 -6.664800000000000724e-01 1.342880000000000074e+00
7.726399999999999935e-01 -7.032800000000000162e-01 1.457120000000000193e+00
7.532000000000000917e-01 -7.364800000000000235e-01 1.561919999999999975e+00
7.051199999999999690e-01 -7.597599999999999909e-01 1.655759999999999899e+00
6.374400000000000066e-01 -7.732799999999999674e-01 1.752960000000000074e+00
5.484799999999999676e-01 -7.747200000000000752e-01 1.853439999999999976e+00
4.440000000000000058e-01 -7.760000000000000231e-01 1.958880000000000177e+00
3.244000000000000217e-01 -7.764800000000000590e-01 2.063520000000000021e+00
1.908799999999999941e-01 -7.759200000000000541e-01 2.153680000000000039e+00
4.855999999999999900e-02 -7.704800000000000537e-01 2.236639999999999961e+00
-1.030400000000000066e-01 -7.696000000000000618e-01 2.317520000000000024e+00
-2.561599999999999988e-01 -7.780799999999999939e-01 2.376880000000000326e+00
-4.029600000000000404e-01 -7.883999999999999897e-01 2.417200000000000237e+00
-5.422400000000000553e-01 -8.040800000000000169e-01 2.424720000000000208e+00
-6.755999999999999783e-01 -8.241600000000000037e-01 2.396639999999999660e+00
-8.050399999999999778e-01 -8.422399999999999887e-01 2.326559999999999739e+00
-9.308000000000000718e-01 -8.506399999999999517e-01 2.227840000000000042e+00
-1.053039999999999976e+00 -8.472799999999999221e-01 2.110240000000000116e+00
-1.171920000000000073e+00 -8.306399999999999340e-01 1.977120000000000211e+00
-1.277920000000000167e+00 -8.029600000000000071e-01 1.848400000000000043e+00
-1.362240000000000117e+00 -7.718400000000000816e-01 1.723519999999999941e+00
-1.430479999999999974e+00 -7.414400000000000990e-01 1.598719999999999919e+00
-1.482960000000000056e+00 -7.116800000000000903e-01 1.478239999999999998e+00
-1.522400000000000198e+00 -6.848000000000000753e-01 1.362559999999999993e+00
-1.540399999999999991e+00 -6.592000000000000082e-01 1.258799999999999919e+00
-1.540319999999999911e+00 -6.428000000000000380e-01 1.165680000000000049e+00
-1.521279999999999966e+00 -6.353600000000000358e-01 1.075839999999999907e+00
-1.484160000000000146e+00 -6.375199999999999756e-01 9.817599999999999660e-01
-1.440320000000000045e+00 -6.462400000000000366e-01 8.796800000000000175e-01
-1.393440000000000012e+00 -6.509599999999999831e-01 7.648000000000000353e-01
-1.350880000000000081e+00 -6.468800000000000106e-01 6.470399999999999485e-01
-1.316079999999999917e+00 -6.323999999999999622e-01 5.347199999999999731e-01
-1.285440000000000138e+00 -6.091199999999999948e-01 4.416800000000000170e-01
-1.254720000000000057e+00 -5.807200000000000140e-01 3.685599999999999987e-01
-1.220239999999999991e+00 -5.563200000000000367e-01 3.059200000000000252e-01
-1.186719999999999997e+00 -5.311200000000000365e-01 2.563999999999999613e-01
-1.151200000000000001e+00 -5.108000000000000318e-01 2.225600000000000078e-01
-1.114240000000000119e+00 -4.942400000000000126e-01 2.007200000000000095e-01
-1.071679999999999966e+00 -4.813600000000000101e-01 1.924000000000000155e-01
-1.025039999999999951e+00 -4.775200000000000000e-01 1.899200000000000055e-01
-9.710400000000000142e-01 -4.861600000000000366e-01 1.855999999999999872e-01
-9.146400000000000086e-01 -5.011200000000000099e-01 1.680800000000000072e-01
