2.896799999999999931e-01 -6.110399999999999165e-01 1.492000000000000270e-01
2.662400000000000322e-01 -5.869600000000000373e-01 1.564000000000000112e-01
2.347200000000000120e-01 -5.710399999999999920e-01 1.819999999999999951e-01
2.159999999999999976e-01 -5.584000000000000075e-01 2.194399999999999962e-01
2.102400000000000102e-01 -5.594400000000000484e-01 2.605600000000000138e-01
2.166400000000000270e-01 -5.723200000000000509e-01 2.995200000000000085e-01
2.280000000000000082e-01 -5.913599999999999968e-01 3.155199999999999672e-01
2.368800000000000072e-01 -6.065600000000000991e-01 3.176800000000000179e-01
2.370400000000000007e-01 -6.155199999999999561e-01 3.141600000000000503e-01
2.308000000000000052e-01 -6.124800000000000244e-01 3.126399999999999735e-01
2.206400000000000028e-01 -6.000800000000000578e-01 3.242400000000000282e-01
2.084000000000000019e-01 -5.824799999999999978e-01 3.471199999999999841e-01
1.957599999999999896e-01 -5.644799999999999818e-01 3.757599999999999829e-01
1.848799999999999888e-01 -5.470399999999999707e-01 4.147200000000000331e-01
1.710399999999999976e-01 -5.347199999999999731e-01 4.610400000000000054e-01
1.549600000000000144e-01 -5.234400000000000164e-01 5.166399999999999881e-01
1.464000000000000024e-01 -5.176000000000000600e-01 5.868799999999999573e-01
1.395200000000000051e-01 -5.203200000000000047e-01 6.603999999999999870e-01
1.360000000000000098e-01 -5.326400000000000023e-01 7.296000000000000263e-01
1.356799999999999951e-01 -5.550399999999999778e-01 7.873600000000000598e-01
1.321599999999999997e-01 -5.806399999999999340e-01 8.224799999999999889e-01
1.171200000000000019e-01 -6.013600000000000056e-01 8.436800000000000965e-01
8.744000000000000383e-02 -6.136800000000001143e-01 8.555199999999999472e-01
4.751999999999999974e-02 -6.117599999999999705e-01 8.651200000000000001e-01
-1.199999999999999895e-03 -6.036000000000000254e-01 8.839200000000000390e-01
-5.432000000000000023e-02 -5.903999999999999249e-01 9.097600000000000131e-01
-1.112000000000000072e-01 -5.783200000000000562e-01 9.384799999999999809e-01
-1.694400000000000073e-01 -5.659999999999999476e-01 9.712799999999999212e-01
-2.282399999999999984e-01 -5.528000000000000691e-01 1.003840000000000066e+00
-2.874399999999999733e-01 -5.447999999999999510e-01 1.043120000000000047e+00
-3.434400000000000230e-01 -5.434400000000000341e-01 1.081120000000000081e+00
-3.904799999999999938e-01 -5.488800000000000345e-01 1.110479999999999912e+00
-4.300799999999999623e-01 -5.608800000000000452e-01 1.136239999999999917e+00
-4.632800000000000251e-01 -5.813599999999999879e-01 1.136880000000000113e+00
-4.972800000000000553e-01 -6.030399999999999094e-01 1.109600000000000142e+00
-5.394400000000000306e-01 -6.179199999999999138e-01 1.067919999999999980e+00
-5.883999999999999231e-01 -6.226399999999999713e-01 1.012639999999999985e+00
-6.418400000000000771e-01 -6.120800000000000685e-01 9.524799999999999933e-01
-6.952800000000000091e-01 -5.965600000000000902e-01 9.019200000000000550e-01
-7.429600000000000648e-01 -5.809600000000000319e-01 8.589600000000000568e-01
-7.868800000000000239e-01 -5.645600000000000618e-01 8.159200000000000896e-01
-8.262399999999999745e-01 -5.458399999999999919e-01 7.816000000000000725e-01
-8.588799999999999768e-01 -5.300000000000000266e-01 7.560000000000000053e-01
-8.843199999999999950e-01 -5.179199999999999360e-01 7.365600000000001035e-01
-8.980799999999999894e-01 -5.114400000000000057e-01 7.220800000000000551e-01
-8.998400000000000842e-01 -5.171200000000000241e-01 7.031199999999999672e-01
-8.902400000000000313e-01 -5.291200000000000347e-01 6.719199999999999617e-01
-8.748000000000000220e-01 -5.475200000000000067e-01 6.287200000000000566e-01
-8.599200000000000177e-01 -5.628000000000000780e-01 5.715999999999999970e-01
-8.473600000000000021e-01 -5.709600000000000231e-01 5.058400000000000674e-01
-8.448799999999999644e-01 -5.698400000000000132e-01 4.378400000000000070e-01
-8.507200000000000317e-01 -5.570399999999999796e-01 3.737599999999999811e-01
-8.551199999999999912e-01 -5.365600000000000369e-01 3.273600000000000398e-01
-8.568000000000001171e-01 -5.156000000000000583e-01 2.909599999999999964e-01
-8.504800000000000137e-01 -4.965600000000000014e-01 2.638400000000000190e-01
-8.463200000000000722e-01 -4.809600000000000541e-01 2.446400000000000241e-01
-8.388799999999999590e-01 -4.676000000000000156e-01 2.361600000000000088e-01
-8.264000000000000234e-01 -4.572800000000000198e-01 2.358399999999999941e-01
-8.055999999999999828e-01 -4.541600000000000081e-01 2.428000000000000158e-01
-7.768800000000000150e-01 -4.614400000000000168e-01 2.476800000000000113e-01
-7.407200000000000450e-01 -4.796000000000000263e-01 2.384000000000000008e-01
