-3.543090820312500000e-01 -1.977539062500000000e-01 1.089477539062500000e-01
-3.524780273437500000e-01 -2.023315429687500000e-01 1.080322265625000000e-01
-3.515625000000000000e-01 -2.050781250000000000e-01 1.025390625000000000e-01
-3.543090820312500000e-01 -2.059936523437500000e-01 1.034545898437500000e-01
-3.460693359375000000e-01 -2.041625976562500000e-01 1.025390625000000000e-01
-3.515625000000000000e-01 -2.059936523437500000e-01 1.043701171875000000e-01
-3.479003906250000000e-01 -2.059936523437500000e-01 1.071166992187500000e-01
-3.497314453125000000e-01 -2.087402343750000000e-01 1.080322265625000000e-01
-3.479003906250000000e-01 -2.124023437500000000e-01 1.089477539062500000e-01
-3.460693359375000000e-01 -2.105712890625000000e-01 1.107788085937500000e-01
-3.424072265625000000e-01 -2.114868164062500000e-01 1.116943359375000000e-01
-3.433227539062500000e-01 -2.160644531250000000e-01 1.126098632812500000e-01
-3.414916992187500000e-01 -2.142333984375000000e-01 1.144409179687500000e-01
-3.414916992187500000e-01 -2.142333984375000000e-01 1.126098632812500000e-01
-3.378295898437500000e-01 -2.188110351562500000e-01 1.126098632812500000e-01
-3.350830078125000000e-01 -2.160644531250000000e-01 1.144409179687500000e-01
-3.359985351562500000e-01 -2.206420898437500000e-01 1.171875000000000000e-01
-3.359985351562500000e-01 -2.197265625000000000e-01 1.171875000000000000e-01
-3.350830078125000000e-01 -2.224731445312500000e-01 1.171875000000000000e-01
-3.332519531250000000e-01 -2.252197265625000000e-01 1.217651367187500000e-01
-3.359985351562500000e-01 -2.243041992187500000e-01 1.226806640625000000e-01
-3.387451171875000000e-01 -2.243041992187500000e-01 1.208496093750000000e-01
-3.405761718750000000e-01 -2.233886718750000000e-01 1.226806640625000000e-01
-3.359985351562500000e-01 -2.252197265625000000e-01 1.245117187500000000e-01
-3.350830078125000000e-01 -2.288818359375000000e-01 1.245117187500000000e-01
-3.323364257812500000e-01 -2.288818359375000000e-01 1.245117187500000000e-01
-3.305053710937500000e-01 -2.307128906250000000e-01 1.245117187500000000e-01
-3.350830078125000000e-01 -2.325439453125000000e-01 1.235961914062500000e-01
-3.314208984375000000e-01 -2.325439453125000000e-01 1.254272460937500000e-01
-3.332519531250000000e-01 -2.325439453125000000e-01 1.300048828125000000e-01
-3.314208984375000000e-01 -2.362060546875000000e-01 1.281738281250000000e-01
-3.240966796875000000e-01 -2.380371093750000000e-01 1.300048828125000000e-01
-3.286743164062500000e-01 -2.362060546875000000e-01 1.309204101562500000e-01
-3.231811523437500000e-01 -2.380371093750000000e-01 1.290893554687500000e-01
-3.240966796875000000e-01 -2.371215820312500000e-01 1.318359375000000000e-01
-3.240966796875000000e-01 -2.407836914062500000e-01 1.318359375000000000e-01
-3.240966796875000000e-01 -2.435302734375000000e-01 1.327514648437500000e-01
-3.204345703125000000e-01 -2.426147460937500000e-01 1.336669921875000000e-01
-3.176879882812500000e-01 -2.462768554687500000e-01 1.364135742187500000e-01
-3.167724609375000000e-01 -2.471923828125000000e-01 1.327514648437500000e-01
-3.167724609375000000e-01 -2.481079101562500000e-01 1.364135742187500000e-01
-3.131103515625000000e-01 -2.471923828125000000e-01 1.354980468750000000e-01
-3.112792968750000000e-01 -2.490234375000000000e-01 1.382446289062500000e-01
-3.085327148437500000e-01 -2.517700195312500000e-01 1.391601562500000000e-01
-3.067016601562500000e-01 -2.536010742187500000e-01 1.364135742187500000e-01
-3.067016601562500000e-01 -2.563476562500000000e-01 1.400756835937500000e-01
-3.076171875000000000e-01 -2.572631835937500000e-01 1.400756835937500000e-01
-3.085327148437500000e-01 -2.563476562500000000e-01 1.419067382812500000e-01
-3.039550781250000000e-01 -2.563476562500000000e-01 1.437377929687500000e-01
-2.993774414062500000e-01 -2.645874023437500000e-01 1.446533203125000000e-01
-2.947998046875000000e-01 -2.636718750000000000e-01 1.455688476562500000e-01
-2.975463867187500000e-01 -2.636718750000000000e-01 1.483154296875000000e-01
-2.975463867187500000e-01 -2.645874023437500000e-01 1.455688476562500000e-01
-2.957153320312500000e-01 -2.664184570312500000e-01 1.464843750000000000e-01
-2.911376953125000000e-01 -2.673339843750000000e-01 1.501464843750000000e-01
-2.920532226562500000e-01 -2.709960937500000000e-01 1.483154296875000000e-01
-2.902221679687500000e-01 -2.746582031250000000e-01 1.492309570312500000e-01
-2.902221679687500000e-01 -2.728271484375000000e-01 1.510620117187500000e-01
-2.874755859375000000e-01 -2.764892578125000000e-01 1.501464843750000000e-01
-2.865600585937500000e-01 -2.774047851562500000e-01 1.528930664062500000e-01
-2.810668945312500000e-01 -2.783203125000000000e-01 1.528930664062500000e-01
