-1.501464843750000000e-01 -4.577636718750000000e-03 -4.760742187500000000e-02
-1.593017578125000000e-01 -2.746582031250000000e-03 -4.760742187500000000e-02
-1.638793945312500000e-01 -9.155273437500000000e-04 -6.134033203125000000e-02
-1.721191406250000000e-01 -4.577636718750000000e-03 -6.683349609375000000e-02
-1.831054687500000000e-01 -5.493164062500000000e-03 -7.598876953125000000e-02
-1.931762695312500000e-01 -9.155273437500000000e-04 -8.697509765625000000e-02
-2.023315429687500000e-01 -1.831054687500000000e-03 -1.016235351562500000e-01
-2.124023437500000000e-01 -9.155273437500000000e-04 -1.162719726562500000e-01
-2.169799804687500000e-01 -1.831054687500000000e-03 -1.327514648437500000e-01
-2.288818359375000000e-01 -2.746582031250000000e-03 -1.473999023437500000e-01
-2.334594726562500000e-01 -9.155273437500000000e-04 -1.684570312500000000e-01
-2.416992187500000000e-01 -1.831054687500000000e-03 -1.867675781250000000e-01
-2.481079101562500000e-01 -9.155273437500000000e-04 -2.069091796875000000e-01
-2.545166015625000000e-01 -1.831054687500000000e-03 -2.307128906250000000e-01
-2.609252929687500000e-01 -2.746582031250000000e-03 -2.536010742187500000e-01
-2.600097656250000000e-01 -2.746582031250000000e-03 -2.774047851562500000e-01
-2.682495117187500000e-01 0.000000000000000000e+00 -3.039550781250000000e-01
-2.700805664062500000e-01 0.000000000000000000e+00 -3.305053710937500000e-01
-2.719116210937500000e-01 -1.831054687500000000e-03 -3.515625000000000000e-01
-2.627563476562500000e-01 -1.831054687500000000e-03 -3.854370117187500000e-01
-2.517700195312500000e-01 -2.746582031250000000e-03 -4.183959960937500000e-01
-2.481079101562500000e-01 -1.831054687500000000e-03 -4.476928710937500000e-01
-2.288818359375000000e-01 9.155273437500000000e-04 -4.815673828125000000e-01
-2.160644531250000000e-01 -1.831054687500000000e-03 -5.117797851562500000e-01
-1.959228515625000000e-01 -2.746582031250000000e-03 -5.392456054687500000e-01
-1.730346679687500000e-01 0.000000000000000000e+00 -5.621337890625000000e-01
-1.519775390625000000e-01 -5.493164062500000000e-03 -5.813598632812500000e-01
-1.281738281250000000e-01 -3.662109375000000000e-03 -6.060791015625000000e-01
-9.155273437500000000e-02 -6.408691406250000000e-03 -6.179809570312500000e-01
-6.134033203125000000e-02 -5.493164062500000000e-03 -6.307983398437500000e-01
-2.929687500000000000e-02 -7.324218750000000000e-03 -6.344604492187500000e-01
2.746582031250000000e-03 -5.493164062500000000e-03 -6.317138671875000000e-01
3.387451171875000000e-02 -9.155273437500000000e-03 -6.362915039062500000e-01
6.317138671875000000e-02 -1.007080078125000000e-02 -6.234741210937500000e-01
9.429931640625000000e-02 -1.007080078125000000e-02 -6.124877929687500000e-01
1.263427734375000000e-01 -1.281738281250000000e-02 -5.941772460937500000e-01
1.556396484375000000e-01 -1.281738281250000000e-02 -5.731201171875000000e-01
1.712036132812500000e-01 -8.239746093750000000e-03 -5.566406250000000000e-01
1.931762695312500000e-01 -1.281738281250000000e-02 -5.346679687500000000e-01
2.142333984375000000e-01 -1.281738281250000000e-02 -5.035400390625000000e-01
2.224731445312500000e-01 -1.464843750000000000e-02 -4.806518554687500000e-01
2.398681640625000000e-01 -1.281738281250000000e-02 -4.559326171875000000e-01
2.444458007812500000e-01 -1.098632812500000000e-02 -4.257202148437500000e-01
2.517700195312500000e-01 -1.373291015625000000e-02 -4.000854492187500000e-01
2.590942382812500000e-01 -1.647949218750000000e-02 -3.671264648437500000e-01
2.618408203125000000e-01 -1.373291015625000000e-02 -3.405761718750000000e-01
2.600097656250000000e-01 -1.556396484375000000e-02 -3.085327148437500000e-01
2.572631835937500000e-01 -1.373291015625000000e-02 -2.819824218750000000e-01
2.609252929687500000e-01 -1.281738281250000000e-02 -2.590942382812500000e-01
2.508544921875000000e-01 -1.373291015625000000e-02 -2.343750000000000000e-01
2.453613281250000000e-01 -1.281738281250000000e-02 -2.087402343750000000e-01
2.389526367187500000e-01 -1.098632812500000000e-02 -1.913452148437500000e-01
2.334594726562500000e-01 -1.373291015625000000e-02 -1.666259765625000000e-01
2.270507812500000000e-01 -1.281738281250000000e-02 -1.528930664062500000e-01
2.160644531250000000e-01 -1.190185546875000000e-02 -1.364135742187500000e-01
2.069091796875000000e-01 -1.373291015625000000e-02 -1.199340820312500000e-01
2.005004882812500000e-01 -1.098632812500000000e-02 -1.080322265625000000e-01
1.959228515625000000e-01 -8.239746093750000000e-03 -9.613037109375000000e-02
1.812744140625000000e-01 -6.408691406250000000e-03 -8.056640625000000000e-02
1.748657226562500000e-01 -1.007080078125000000e-02 -7.324218750000000000e-02
1.666259765625000000e-01 -8.239746093750000000e-03 -6.500244140625000000e-02
