-2.099195926018709024e-01 -8.239746093750000000e-03 1.498596645516742619e-02
-2.281843170411741450e-01 -2.746582031250000000e-03 1.194957371504371674e-02
-2.454901057556360122e-01 -7.324218750000000000e-03 6.181451587304495968e-03
-2.727493685170276350e-01 -1.007080078125000000e-02 -7.069555216184599672e-03
-2.927868866191050690e-01 -1.190185546875000000e-02 -1.379661306876521151e-02
-3.191017214343461195e-01 -1.007080078125000000e-02 -2.886393687110102788e-02
-3.481918089732753963e-01 -8.239746093750000000e-03 -4.214395923197185312e-02
-3.771513265039868612e-01 -9.155273437500000000e-03 -6.366269309176181279e-02
-4.069972408660853525e-01 -1.190185546875000000e-02 -8.702675950778022973e-02
-4.386884877844122732e-01 -1.190185546875000000e-02 -1.095044290924115926e-01
-4.711935926406719544e-01 -1.007080078125000000e-02 -1.384044931771153675e-01
-5.118503623237055100e-01 -1.098632812500000000e-02 -1.729276016026496943e-01
-5.440217882700753016e-01 -1.190185546875000000e-02 -2.228821506290357135e-01
-5.907527657646005625e-01 -1.464843750000000000e-02 -2.785612984470883235e-01
-6.309597943082173588e-01 -1.281738281250000000e-02 -3.414621909244552334e-01
-6.754972525579333587e-01 -1.739501953125000000e-02 -4.199976329043459411e-01
-7.125953494679719835e-01 -1.647949218750000000e-02 -5.057403117648600066e-01
-7.439978631437258461e-01 -1.831054687500000000e-02 -6.042117173959919985e-01
-7.617852532174747004e-01 -2.197265625000000000e-02 -6.951422072366107985e-01
-7.841061818989950583e-01 -2.288818359375000000e-02 -7.888914731369901512e-01
-7.897901020170773334e-01 -2.380371093750000000e-02 -8.924491352973906722e-01
-7.897639311221840153e-01 -3.204345703125000000e-02 -1.009650936617177974e+00
-7.737985473722587271e-01 -3.204345703125000000e-02 -1.150406827807208821e+00
-7.419360517721298454e-01 -4.028320312500000000e-02 -1.254285083430052739e+00
-6.922745029820495111e-01 -4.486083984375000000e-02 -1.383519238143296359e+00
-6.346498904881765490e-01 -4.211425781250000000e-02 -1.495229987461714982e+00
-5.561593941756026727e-01 -5.035400390625000000e-02 -1.594706696816249547e+00
-4.733674837143112546e-01 -5.401611328125000000e-02 -1.676718031890722438e+00
-3.557173635863513095e-01 -6.042480468750000000e-02 -1.762755133318786527e+00
-2.551249776038644335e-01 -6.317138671875000000e-02 -1.812436879212534491e+00
-1.263434086925261657e-01 -6.774902343750000000e-02 -1.849768522912871083e+00
-1.084186214205873008e-02 -6.866455078125000000e-02 -1.858010079074278842e+00
1.098184798311315213e-01 -7.324218750000000000e-02 -1.845110103621858899e+00
2.465935503348883895e-01 -7.415771484375000000e-02 -1.809063678433783684e+00
3.755375494743146136e-01 -7.324218750000000000e-02 -1.741093881868327475e+00
4.869436354402250644e-01 -7.690429687500000000e-02 -1.664245609210309729e+00
5.777463999351143409e-01 -7.507324218750000000e-02 -1.558423311242889797e+00
6.572450446335790231e-01 -7.507324218750000000e-02 -1.432636034066846920e+00
7.139744418423508154e-01 -7.324218750000000000e-02 -1.314534750468226099e+00
7.470046713939701988e-01 -7.049560546875000000e-02 -1.203218555836949255e+00
7.690064289442912759e-01 -6.958007812500000000e-02 -1.089330217383656541e+00
7.854431732685454026e-01 -6.774902343750000000e-02 -9.709518636586648155e-01
7.838618253912409406e-01 -6.591796875000000000e-02 -8.711719132828663614e-01
7.727781669376677653e-01 -6.225585937500000000e-02 -7.495671433635255898e-01
7.462630678832429254e-01 -5.767822265625000000e-02 -6.364477171808486933e-01
7.222026280900629702e-01 -5.493164062500000000e-02 -5.626620081578481702e-01
6.895552901093829901e-01 -5.126953125000000000e-02 -4.670369718126142766e-01
6.498457930349882394e-01 -4.486083984375000000e-02 -3.880054206947457507e-01
6.083925178552012092e-01 -4.486083984375000000e-02 -3.144953594668716268e-01
5.662994780817717233e-01 -4.119873046875000000e-02 -2.583926414042954645e-01
5.242064383083424595e-01 -3.753662109375000000e-02 -2.022899233417193021e-01
4.860506958851146808e-01 -3.021240234375000000e-02 -1.635220095509867522e-01
4.514985719021986088e-01 -3.021240234375000000e-02 -1.210344150904155286e-01
4.135894617167155674e-01 -2.746582031250000000e-02 -9.782851190875245517e-02
3.857498878076892068e-01 -2.655029296875000000e-02 -7.446302316148982470e-02
3.588692496235043605e-01 -2.563476562500000000e-02 -5.382926380184273329e-02
3.301432788830909182e-01 -2.471923828125000000e-02 -3.230910761080856008e-02
2.950819603147503689e-01 -2.380371093750000000e-02 -1.546756781445442555e-02
2.711651759772348291e-01 -2.197265625000000000e-02 -8.521470950266611666e-03
2.544266129629609297e-01 -1.556396484375000000e-02 7.694812031136061270e-03
2.333431124638969678e-01 -1.647949218750000000e-02 9.191957898783718189e-03
