-6.360000000000000375e-02 -6.390399999999999414e-01 -2.912000000000000005e-02
-1.168000000000000010e-01 -6.163999999999999480e-01 -3.216000000000000109e-02
-1.644000000000000183e-01 -5.964800000000000102e-01 -2.360000000000000292e-02
-1.948799999999999977e-01 -5.840800000000000436e-01 -6.400000000000000524e-04
-2.115200000000000136e-01 -5.854400000000000714e-01 1.976000000000000326e-02
-2.159200000000000286e-01 -5.952000000000000624e-01 2.760000000000000300e-02
-2.172800000000000009e-01 -6.099999999999999867e-01 1.695999999999999938e-02
-2.240800000000000014e-01 -6.216800000000000104e-01 -1.200000000000000025e-02
-2.356800000000000006e-01 -6.249600000000000710e-01 -4.200000000000000261e-02
-2.533600000000000296e-01 -6.197599999999999776e-01 -7.184000000000000108e-02
-2.731200000000000294e-01 -6.024800000000000155e-01 -9.568000000000000116e-02
-2.951999999999999624e-01 -5.846399999999999375e-01 -1.101599999999999940e-01
-3.144800000000000373e-01 -5.615999999999999881e-01 -1.185599999999999987e-01
-3.322400000000000353e-01 -5.361599999999999699e-01 -1.144000000000000017e-01
-3.487200000000000299e-01 -5.179199999999999360e-01 -1.006400000000000072e-01
-3.625599999999999934e-01 -5.018400000000000638e-01 -8.111999999999999766e-02
-3.716800000000000104e-01 -4.940799999999999637e-01 -5.263999999999999929e-02
-3.720799999999999663e-01 -4.945599999999999996e-01 -2.503999999999999976e-02
-3.664800000000000280e-01 -5.015200000000000768e-01 -4.640000000000000027e-03
-3.514399999999999746e-01 -5.187999999999999279e-01 5.360000000000000181e-03
-3.369599999999999818e-01 -5.404800000000000715e-01 -6.080000000000000335e-03
-3.277599999999999958e-01 -5.563200000000000367e-01 -3.192000000000000393e-02
-3.298400000000000221e-01 -5.619199999999999751e-01 -5.952000000000000346e-02
-3.388800000000000145e-01 -5.558400000000000007e-01 -8.807999999999999163e-02
-3.543199999999999683e-01 -5.419199999999999573e-01 -1.059200000000000003e-01
-3.700799999999999645e-01 -5.253600000000000492e-01 -1.171999999999999986e-01
-3.852800000000000114e-01 -5.039200000000000346e-01 -1.171999999999999986e-01
-3.961600000000000121e-01 -4.875200000000000089e-01 -1.058400000000000035e-01
-4.047999999999999932e-01 -4.709600000000000453e-01 -9.079999999999999183e-02
-4.100800000000000001e-01 -4.611999999999999988e-01 -6.448000000000000953e-02
-4.147200000000000331e-01 -4.555199999999999805e-01 -3.728000000000000064e-02
-4.126400000000000068e-01 -4.580799999999999872e-01 -5.360000000000000181e-03
-3.979199999999999959e-01 -4.685599999999999765e-01 2.536000000000000060e-02
-3.758400000000000074e-01 -4.907200000000000450e-01 3.320000000000000034e-02
-3.586399999999999588e-01 -5.147200000000000664e-01 1.671999999999999875e-02
-3.494399999999999729e-01 -5.276800000000000379e-01 -1.200000000000000025e-02
-3.513600000000000056e-01 -5.303999999999999826e-01 -4.488000000000000322e-02
-3.582400000000000029e-01 -5.246399999999999952e-01 -6.792000000000000814e-02
-3.696000000000000396e-01 -5.096800000000000219e-01 -8.128000000000000502e-02
-3.829600000000000226e-01 -4.956000000000000405e-01 -8.871999999999999331e-02
-3.962400000000000366e-01 -4.799999999999999822e-01 -8.696000000000000951e-02
-4.047999999999999932e-01 -4.627200000000000202e-01 -7.648000000000000631e-02
-4.101600000000000246e-01 -4.480799999999999783e-01 -6.024000000000000188e-02
-4.135199999999999987e-01 -4.408799999999999941e-01 -4.080000000000000293e-02
-4.142399999999999971e-01 -4.404000000000000137e-01 -1.439999999999999961e-02
-4.067999999999999949e-01 -4.460799999999999765e-01 1.792000000000000190e-02
-3.901600000000000068e-01 -4.638400000000000301e-01 4.152000000000000135e-02
-3.676800000000000068e-01 -4.915199999999999569e-01 4.488000000000000322e-02
-3.512800000000000367e-01 -5.147999999999999243e-01 2.199999999999999872e-02
-3.471199999999999841e-01 -5.256000000000000671e-01 -9.759999999999999579e-03
-3.532800000000000384e-01 -5.208800000000000097e-01 -3.888000000000000483e-02
-3.642400000000000082e-01 -5.076000000000000512e-01 -5.671999999999999958e-02
-3.747200000000000530e-01 -4.899200000000000221e-01 -6.024000000000000188e-02
-3.841600000000000015e-01 -4.758400000000000407e-01 -6.328000000000000291e-02
-3.947200000000000153e-01 -4.616799999999999793e-01 -6.368000000000000049e-02
-4.056000000000000161e-01 -4.470399999999999929e-01 -5.320000000000000423e-02
-4.128799999999999693e-01 -4.358400000000000052e-01 -3.416000000000000286e-02
-4.107999999999999985e-01 -4.295199999999999574e-01 -4.480000000000000475e-03
-4.010400000000000076e-01 -4.329600000000000115e-01 2.944000000000000089e-02
-3.890399999999999969e-01 -4.462400000000000255e-01 5.136000000000000287e-02
-3.692800000000000527e-01 -4.678400000000000336e-01 6.312000000000000943e-02
