-2.027185033615901966e-01 -2.776965799473840590e-03 1.081555100847705897e-02
-2.407190879859690269e-01 -8.915521777258073044e-03 -5.261619409529377789e-03
-2.847120724934230074e-01 -9.207833966676459703e-03 -3.390821397252265224e-02
-3.373282665887167298e-01 -7.015492546039170385e-03 -7.366267173341128904e-02
-4.025138848289974147e-01 -1.403098509207834077e-02 -9.368605670856473833e-02
-4.655071616486406993e-01 -2.133878982753567577e-02 -1.832797427652733124e-01
-5.342005261619410250e-01 -1.593101432329713241e-02 -2.557731657410113879e-01
-5.971938029815843096e-01 -2.733118971061110347e-02 -3.649517684887459978e-01
-6.765565624086524732e-01 -3.083893598363052213e-02 -5.187079801227711950e-01
-7.024261911721718654e-01 -3.580824320374142999e-02 -7.053493130663548438e-01
-7.215726395790704739e-01 -4.706226249634615222e-02 -9.163987138263665067e-01
-6.859105524700379597e-01 -5.612394036831336308e-02 -1.150979245834551357e+00
-6.024554223911137152e-01 -5.378544285296693594e-02 -1.361151710026307970e+00
-4.526454253142355721e-01 -6.693949137679022776e-02 -1.560362467114878582e+00
-2.519731072785734716e-01 -5.773165741011399010e-02 -1.678310435545162349e+00
-2.689272142648349573e-02 -5.334697456883952249e-02 -1.735165156387021401e+00
2.113417129494299940e-01 -4.940076001169257935e-02 -1.703156971645717999e+00
4.191756796258403472e-01 -4.647763811750948992e-02 -1.583308973984215218e+00
5.748319204910844471e-01 -3.770827243496066572e-02 -1.397836889798304449e+00
6.825489622917275678e-01 -2.689272142648357899e-02 -1.175971938029815922e+00
7.348728441976030146e-01 -1.812335574393453275e-02 -9.479684302835428289e-01
7.230342005261619631e-01 -1.388482899736909193e-02 -7.369190295235311661e-01
6.857643963753289329e-01 -1.023092662964075750e-03 -5.334697456883952249e-01
6.192633732826657855e-01 -8.623209587839908430e-03 -3.835135925168079440e-01
5.483776673487283926e-01 -8.184741303712383953e-03 -2.620578778135048137e-01
4.757380882782811793e-01 -2.192341420637289318e-03 -1.600409237065185675e-01
4.061677871967260822e-01 6.284712072493481294e-03 -1.014323297281496533e-01
3.418591055247004462e-01 6.577024261911867953e-03 -5.261619409529377789e-02
2.873428821981877102e-01 2.776965799473840590e-03 -1.680795089155218136e-02
2.456883952060801013e-01 5.992399883075094635e-03 1.461560947091489204e-03
2.123648056123940420e-01 1.096170710318611352e-02 2.338497515346388278e-02
