-2.033031277404268033e-01 4.384682841275244769e-04 -2.660040923706519234e-02
-2.394036831335866755e-01 7.015492546039170385e-03 -4.793919906460099301e-02
-2.708272434960538044e-01 1.315404852382351386e-03 -8.272434960537854154e-02
-3.089739842151417726e-01 3.215434083601143023e-03 -1.180941245249926830e-01
-3.468284127448114651e-01 5.846243788365512728e-04 -1.774334989769073001e-01
-3.946214557147033064e-01 1.037708272434967327e-02 -2.551885413621747811e-01
-4.333528208126278258e-01 1.403098509207834077e-02 -3.368897983045893163e-01
-4.652148494592224237e-01 1.359251680795081629e-02 -4.362759427068109153e-01
-4.847997661502484457e-01 2.689272142648346797e-02 -5.418006430868167467e-01
-4.728149663840982564e-01 3.069277988892138431e-02 -6.693949137679041650e-01
-4.368605670856474665e-01 3.493130663548682513e-02 -8.111663256357790619e-01
-3.794212218649517521e-01 3.990061385559773299e-02 -9.372990353697748800e-01
-2.908506284712072398e-01 4.267757965507157358e-02 -1.054516223326512625e+00
-1.711487869044139298e-01 5.685472084185916319e-02 -1.132417421806489299e+00
-3.785442852966966476e-02 5.247003800058458456e-02 -1.162233265127155857e+00
1.085939783688979754e-01 5.539315989476767399e-02 -1.148786904413914067e+00
2.290266004092370578e-01 5.977784273604214160e-02 -1.103478515054078013e+00
3.396667641040631569e-01 5.919321835720547931e-02 -9.925460391698333051e-01
4.273604209295527867e-01 5.948553054662386597e-02 -8.886290558316279897e-01
4.790996784565916267e-01 5.203156971645717110e-02 -7.643963753288511853e-01
4.928383513592516918e-01 4.530838935983627636e-02 -6.239403683133586398e-01
4.871382636655947618e-01 4.413914060216306279e-02 -4.948845366851798433e-01
4.640456007015492657e-01 2.981584332066644638e-02 -3.745980707395498710e-01
4.267757965507161244e-01 3.142356036246707340e-02 -2.851505407775504763e-01
3.893598363051739009e-01 2.513884828997370313e-02 -2.041800643086816580e-01
3.507746273019585193e-01 2.674656533177444118e-02 -1.435252850043846617e-01
3.118971061093247510e-01 2.338497515346393829e-02 -9.427068108740135899e-02
2.648348436129786543e-01 1.695410698626131918e-02 -6.518561824028065721e-02
2.300496930722011335e-01 1.256942414498685157e-02 -4.355451622332651151e-02
1.978953522361882600e-01 9.353990061385486499e-03 -2.206957030108158690e-02
1.780181233557439346e-01 1.520023384975155434e-02 -3.946214557147026403e-03
