-1.571178018123355613e-01 5.846243788365512728e-04 -4.370067231803564933e-02
-1.689564454837766405e-01 -5.846243788366622951e-04 -5.086232095878398529e-02
-1.954106986261326950e-01 0.000000000000000000e+00 -6.503946214557147776e-02
-2.046185325928091547e-01 -5.553931598947681181e-03 -9.003215434083600144e-02
-2.288804443145279199e-01 -2.338497515346427136e-03 -1.220403390821397371e-01
-2.566501023092663814e-01 -2.338497515346316113e-03 -1.579947383805904715e-01
-2.790119847997660774e-01 -8.769365682548935226e-03 -2.163110201695410684e-01
-2.996199941537562306e-01 -5.992399883075205658e-03 -2.565039462145571325e-01
-3.073662671733410900e-01 -1.008477053493128661e-02 -3.380590470622624744e-01
-3.202280035077462728e-01 -1.505407775504241652e-02 -4.029523531131248282e-01
-3.044431452791581671e-01 -8.623209587839908430e-03 -4.929845074539607741e-01
-2.740426775796550585e-01 -6.138555977784343476e-03 -5.654779304296988496e-01
-2.395498392282958688e-01 -3.653902367728778522e-03 -6.359251680795089401e-01
-1.866413329435837321e-01 -1.885413621748022184e-02 -6.863490207541653731e-01
-1.075708857059339274e-01 -1.125401929260438916e-02 -7.394036831335866200e-01
-4.545454545454546968e-02 -9.061677871967321884e-03 -7.709733995907629422e-01
4.589301373867291090e-02 -1.169248757673191363e-02 -7.660040923706519234e-01
1.318327974276527481e-01 -9.938614440222148794e-03 -7.342882198187664633e-01
2.005261619409529628e-01 -4.384682841274467613e-03 -7.031569716457175545e-01
2.888044431452791994e-01 -3.361590178310391863e-03 -6.280327389652147207e-01
2.806197018415668154e-01 7.307804735456890910e-04 -5.529085062847121090e-01
3.070739549839228699e-01 5.261619409529405544e-03 -4.824612686349020740e-01
3.263665594855305052e-01 -5.846243788365512728e-04 -4.074831920491084336e-01
3.196433791289096105e-01 1.023092662963964727e-03 -3.287050570008769323e-01
3.053200818474130496e-01 6.723180356620894749e-03 -2.703887752119263355e-01
2.871967261034785168e-01 5.553931598947681181e-03 -2.054954691610640094e-01
2.673194972230342192e-01 5.846243788365956817e-03 -1.520023384975153768e-01
2.679041216018708260e-01 8.477053493130659589e-03 -1.150248465361005668e-01
2.183572054954691644e-01 7.453960830166583840e-03 -8.243203741596025202e-02
1.907337035954399240e-01 8.038585209003246135e-03 -6.167787196726107202e-02
1.698333820520315784e-01 3.507746273019418659e-03 -3.171587255188540455e-02
