-1.419175679625840625e-01 -5.992399883075205658e-03 -5.817012569424145907e-02
-1.556562408652440721e-01 -6.577024261911645908e-03 -7.585501315404852285e-02
-1.661794796843028554e-01 8.330897398421521771e-03 -1.037708272434960666e-01
-1.784565916398714036e-01 -1.900029231219124704e-03 -1.224788073662671645e-01
-1.881028938906752490e-01 1.607717041800627022e-03 -1.552177725811166309e-01
-2.006723180356621006e-01 2.338497515346316113e-03 -1.897106109324758760e-01
-2.101724641917568082e-01 4.384682841274356591e-03 -2.240572931891259834e-01
-2.088570593393744290e-01 7.161648640748308203e-03 -2.585501315404852285e-01
-2.025723472668810310e-01 -1.900029231218902659e-03 -3.042969891844490293e-01
-1.908798596901490896e-01 9.938614440222148794e-03 -3.506284712072493259e-01
-1.641332943583747317e-01 5.846243788365512728e-04 -3.941829874305758930e-01
-1.432329728149663861e-01 1.023092662964075750e-03 -4.400760011692487761e-01
-1.106401636948260714e-01 6.869336451329921545e-03 -4.614147909967846184e-01
-7.366267173341128904e-02 1.198479976615030029e-02 -4.985384390529085108e-01
-2.543116047939197877e-02 5.700087693656930021e-03 -5.090616778719672109e-01
1.242326805027768599e-02 1.154633148202277582e-02 -5.078924291142941083e-01
5.831628178895056913e-02 6.869336451330032567e-03 -4.969307220111078283e-01
1.002630809704764814e-01 1.388482899736920295e-02 -4.796843028354281779e-01
1.382636655948553117e-01 9.061677871967432907e-03 -4.405144694533761895e-01
1.673487284419760135e-01 1.154633148202288684e-02 -4.140602163110201905e-01
1.954106986261326950e-01 1.330020461853276270e-02 -3.744519146448406777e-01
2.053493130663548716e-01 1.286173633440523822e-02 -3.159894767611809430e-01
2.125109617071031798e-01 1.110786319789536236e-02 -2.794504530838936018e-01
2.059339374451914506e-01 7.453960830166694862e-03 -2.404267757965507235e-01
2.073954983922829676e-01 1.315404852382340284e-02 -2.030108155510084722e-01
2.101724641917567804e-01 6.430868167202508090e-03 -1.688102893890675305e-01
1.825489622917275678e-01 7.892429114294108317e-03 -1.252557731657410189e-01
1.743642209880151839e-01 7.161648640748308203e-03 -1.014323297281496672e-01
1.626717334112832425e-01 1.446945337620575422e-02 -8.462437883659747195e-02
1.436714410990938273e-01 7.600116924875832680e-03 -6.050862320958785845e-02
1.327097339959076305e-01 1.388482899736920295e-02 -4.633148202280035211e-02
