-1.102016954106986302e-01 -4.676995030692743249e-03 -5.992399883075125167e-02
-1.194095293773750344e-01 -1.870798012277108402e-02 -7.030108155510085555e-02
-1.286173633440514386e-01 -2.572347266881036543e-02 -9.529377375036540698e-02
-1.330020461853259339e-01 -1.373867290266006513e-02 -1.077170418006430791e-01
-1.357790119847997745e-01 -2.426191172171887622e-02 -1.264250219234142047e-01
-1.349020754165448643e-01 -2.455422391113704084e-02 -1.482022800350774605e-01
-1.401636948260742699e-01 -2.221572639579072472e-02 -1.815258696287635476e-01
-1.343174510377082576e-01 -2.513884828997359211e-02 -2.025723472668810032e-01
-1.255480853551593223e-01 -3.420052616194080297e-02 -2.272727272727272929e-01
-1.237942122186495020e-01 -3.171587255188534904e-02 -2.660040923706518678e-01
-1.110786319789535126e-01 -3.858520900321538161e-02 -2.848582285881321452e-01
-9.003215434083600144e-02 -4.106986261327105758e-02 -3.067816427945044833e-01
-7.073954983922831063e-02 -3.463899444606843847e-02 -3.142356036246711781e-01
-4.443145279158142169e-02 -4.165448699210771988e-02 -3.477053493130663475e-01
-1.373867290266006513e-02 -3.873136509792463045e-02 -3.383513592516808055e-01
9.500146156094707584e-03 -3.902367728734279506e-02 -3.399590762934814325e-01
3.215434083601283188e-02 -3.113124817304879777e-02 -3.475591932183571542e-01
6.372405729318914025e-02 -3.244665302543126018e-02 -3.257819351066939539e-01
8.184741303712365912e-02 -3.230049693072201134e-02 -3.086816720257234969e-01
1.045016077170417834e-01 -2.893890675241161947e-02 -2.879275065770242614e-01
1.256942414498684601e-01 -2.367728734288221393e-02 -2.553346974568839745e-01
1.227711195556854679e-01 -2.572347266881036543e-02 -2.383805904706226275e-01
1.370944168371820981e-01 -1.958491669102602195e-02 -2.025723472668810310e-01
1.422098801520023659e-01 -1.841566793335280838e-02 -1.911721718795673375e-01
1.400175387313651321e-01 -1.783104355451636813e-02 -1.479099678456591571e-01
1.411867874890382901e-01 -1.403098509207845179e-02 -1.368021046477638225e-01
1.287635194387606041e-01 -9.353990061385597521e-03 -1.142940660625548083e-01
1.218941829874305716e-01 -8.769365682548935226e-03 -9.865536392867582660e-02
1.150248465361005390e-01 -4.823151125401881067e-03 -7.687810581701257084e-02
1.096170710318620234e-01 -6.138555977784454498e-03 -6.591639871382640181e-02
1.039169833382052044e-01 -6.430868167202619112e-03 -5.700087693656827326e-02
