-2.432037415960245641e-01 -1.125401929260438916e-02 1.207249342297573858e-01
-2.961122478807366454e-01 -1.900029231218902659e-03 1.232095878398129507e-01
-3.772288804443145183e-01 -8.915521777258184066e-03 1.119555685472083950e-01
-4.845074539608301700e-01 -2.016954106986257322e-02 1.064016369482607416e-01
-6.278865828705058050e-01 -2.060800935398998668e-02 7.833966676410404617e-02
-8.079508915521775858e-01 -2.762350190002926809e-02 7.892429114294066683e-03
-1.027185033615901633e+00 -3.595439929845067883e-02 -9.748611517100264079e-02
-1.327097339959076416e+00 -5.787781350482312792e-02 -3.287050570008769323e-01
-1.657410114001753865e+00 -7.541654486992099837e-02 -6.907337035954399518e-01
-1.981438175971938165e+00 -1.007015492546039503e-01 -1.215287927506577104e+00
-2.245396083016661937e+00 -1.292019877228880453e-01 -2.011400175387313638e+00
-2.319058754750073170e+00 -1.596024554223911540e-01 -3.013884828997368981e+00
-2.057147033031277328e+00 -1.973107278573517087e-01 -4.079070447237650221e+00
-1.457907044723764978e+00 -2.022800350774626166e-01 -4.927798889213679701e+00
-6.045016077170417557e-01 -1.997953814674071626e-01 -4.963022508038585023e+00
4.549839228295819993e-01 -1.838643671441099192e-01 -4.994153756211633599e+00
1.384244372990353744e+00 -1.487869044139140673e-01 -4.834405144694533973e+00
2.040923706518561698e+00 -1.156094709149370070e-01 -3.975007307804736101e+00
2.344782227418883647e+00 -8.360128617363349335e-02 -2.973399590762935141e+00
2.322128032738965064e+00 -5.641625255773163872e-02 -2.080385852090032461e+00
2.083455130078924356e+00 -3.156971645717610020e-02 -1.296550716164863948e+00
1.762350190002923034e+00 -1.125401929260450018e-02 -7.562116340251388014e-01
1.435983630517392751e+00 2.484653610055453932e-03 -3.709441683718210925e-01
1.104940076001169169e+00 -1.607717041800627022e-03 -1.179479684302835313e-01
8.593978368897983167e-01 5.992399883075205658e-03 2.499269219526453756e-02
6.578485822858812782e-01 6.138555977784343476e-03 9.017831043554522252e-02
5.055539315989476812e-01 1.213095586085943811e-02 1.267173341128325359e-01
3.906752411575562522e-01 1.008477053493128661e-02 1.422098801520023659e-01
3.050277696579947184e-01 4.969307220111129908e-03 1.235019000292312263e-01
2.420344928383513505e-01 7.746273019585081521e-03 1.321251096170710237e-01
1.878105817012569179e-01 4.238526746565440817e-03 1.293481438175971554e-01
