-1.958491669102601640e-01 -9.938614440222148794e-03 6.050862320958785845e-02
-2.239111370944168455e-01 -1.534638994446069216e-02 5.612394036831336308e-02
-2.753580824320374099e-01 -2.396959953230048956e-02 4.750073078047353792e-02
-3.395206080093540191e-01 -2.660040923706508131e-02 2.353113124817304835e-02
-4.150833089739842108e-01 -4.413914060216306279e-02 7.746273019584914987e-03
-5.130078924291142650e-01 -5.247003800058458456e-02 -3.960830166617949899e-02
-6.218941829874305993e-01 -6.693949137679022776e-02 -1.147325343466822495e-01
-7.518269511838644448e-01 -8.930137386729031235e-02 -2.360420929552762281e-01
-9.054370067231803931e-01 -1.180941245249926830e-01 -4.003215434083601254e-01
-1.062262496346097596e+00 -1.483484361297865428e-01 -6.375328851213094561e-01
-1.180210464776381141e+00 -1.970184156679334331e-01 -9.380298158433205691e-01
-1.256650102309266437e+00 -2.522654194679918582e-01 -1.336305173925752765e+00
-1.231072785735164876e+00 -3.080970476468869457e-01 -1.783104355451622380e+00
-1.111078631978953624e+00 -3.595439929845074545e-01 -2.226395790704472688e+00
-8.243203741596023537e-01 -4.003215434083602364e-01 -2.624086524408067778e+00
-4.339374451914644881e-01 -4.155217772581115687e-01 -2.884536685179772242e+00
3.463899444606839684e-02 -4.140602163110200795e-01 -2.935399006138556199e+00
5.011692487576732136e-01 -3.933060508623209550e-01 -2.801227711195556580e+00
8.665594855305465138e-01 -3.561824028061970626e-01 -2.497076878105816800e+00
1.132563577901198437e+00 -2.987430575855012371e-01 -2.084185910552470045e+00
1.245249926921952577e+00 -2.432037415960244253e-01 -1.625548085355159378e+00
1.251534638994446169e+00 -1.929260450160772411e-01 -1.218795673779596633e+00
1.159017831043554603e+00 -1.468868751826951646e-01 -8.251973107278572916e-01
1.004384682841274579e+00 -1.015784858228587773e-01 -5.328851213095585626e-01
8.561824028061970626e-01 -6.752411575562700108e-02 -3.082432037415959725e-01
7.209880152002339226e-01 -4.603916983338207647e-02 -1.699795381467407163e-01
5.958783981292019583e-01 -3.405437006723188720e-02 -6.007015492546040336e-02
4.890382928968137755e-01 -2.703887752119260579e-02 -1.549254603916980222e-02
3.938906752411575063e-01 -1.680795089155218136e-02 2.791581408944754372e-02
3.218357205495468998e-01 -4.676995030692743249e-03 5.320081847413038467e-02
2.586962876351943663e-01 -1.607717041800738045e-03 6.094709149371529966e-02
