-2.521192633732827204e-01 -7.307804735456890910e-04 1.123940368313358362e-01
-3.152586962876351984e-01 2.923121894182978409e-03 1.119555685472083950e-01
-4.114294066062554878e-01 4.384682841273024323e-04 1.195556854720841583e-01
-5.209003215434083733e-01 1.125401929260438916e-02 9.470914937152878632e-02
-6.682256650102309514e-01 1.563870213387907881e-02 6.328558900906167128e-02
-8.591055247003800410e-01 1.373867290266006513e-02 -2.323881905875474496e-02
-1.106547793042969907e+00 3.113124817304890879e-02 -1.571178018123355613e-01
-1.413475591932183306e+00 5.100847705349309535e-02 -4.235603624671149259e-01
-1.732095878398129063e+00 8.126278865828706621e-02 -8.098509207833965995e-01
-2.034931306635486603e+00 1.066939491376790450e-01 -1.409383221280327447e+00
-2.249634609763227377e+00 1.568254896229172024e-01 -2.247588424437299004e+00
-2.241011400175386914e+00 2.111955568547208006e-01 -3.200964630225080931e+00
-1.964045600701548988e+00 2.755042385267465477e-01 -4.185325928091200964e+00
-1.377959660917860596e+00 3.487284419760304233e-01 -4.939491376790411614e+00
-4.070447237649810202e-01 3.947676118094124442e-01 -4.968284127448113985e+00
6.433791289096755239e-01 4.096755334697457229e-01 -4.971791873721134181e+00
1.535077462730195741e+00 3.855597778427360955e-01 -4.707395498392282995e+00
2.150248465361005668e+00 3.415667933352820596e-01 -3.784127448114585679e+00
2.385559777842736207e+00 2.820812627886582491e-01 -2.771558023969599382e+00
2.295235311312481485e+00 2.322420344928383673e-01 -1.850043846828412608e+00
2.009792458345513122e+00 1.717334112832505366e-01 -1.104940076001169169e+00
1.657556270096463225e+00 1.261327097339959291e-01 -5.990938322128032123e-01
1.307658579362759532e+00 9.222449576147317973e-02 -2.610347851505407935e-01
1.014177141186787479e+00 6.737795966091786326e-02 -5.583162817889507357e-02
7.926045016077171157e-01 5.714703303127732781e-02 4.589301373867291090e-02
6.085939783688980587e-01 3.522361882490498974e-02 1.036246711487869565e-01
4.652148494592224237e-01 3.069277988892138431e-02 1.308097047646886724e-01
3.659748611517100181e-01 2.557731657410111659e-02 1.474714995615317437e-01
2.847120724934230074e-01 1.505407775504230550e-02 1.366559485530546569e-01
2.304881613563285470e-01 2.133878982753589781e-02 1.259865536392867635e-01
1.797719964922537272e-01 1.081555100847697570e-02 1.039169833382051766e-01
