4.504530838935983938e-01 -4.579070447237649777e-01 -2.881613563285588597e+00
4.486992107570885735e-01 -4.546916106401637236e-01 -2.881175095001461184e+00
4.466530254311604775e-01 -4.554223911137095238e-01 -2.876644256065477911e+00
4.440222157263957747e-01 -4.561531715872551018e-01 -2.877667348728441876e+00
4.386144402221572314e-01 -4.542531423560361992e-01 -2.869044139140602301e+00
4.504530838935983383e-01 -4.595147617655657157e-01 -2.868459514761765750e+00
4.522069570301081587e-01 -4.501607717041800072e-01 -2.857790119847997801e+00
4.397836889798304449e-01 -4.584916691026016400e-01 -2.859982461268634424e+00
4.356913183279743640e-01 -4.536685179771996479e-01 -2.850920783396667435e+00
4.416837182110494031e-01 -4.574685764396375642e-01 -2.858667056416252183e+00
4.419760304004676787e-01 -4.568839520608010130e-01 -2.852820812627886227e+00
4.494299912306343181e-01 -4.497223034200525937e-01 -2.860859397836890139e+00
4.454837766734872639e-01 -4.465068693364512287e-01 -2.847266881028938990e+00
4.482607424729611045e-01 -4.554223911137094127e-01 -2.851943876059631400e+00
4.465068693364513397e-01 -4.539608301666179235e-01 -2.842005261619409584e+00
4.425606547793042855e-01 -4.590762934814381913e-01 -2.843174510377082687e+00
4.437299035369774991e-01 -4.554223911137094127e-01 -2.844782227418883647e+00
4.444606840105232992e-01 -4.520608009353991319e-01 -2.843759134755919238e+00
4.402221572639579694e-01 -4.555685472084186616e-01 -2.837474422683425868e+00
4.397836889798304449e-01 -4.459222449576147884e-01 -2.829289681379713706e+00
4.353990061385559773e-01 -4.457760888629056506e-01 -2.843905290850628376e+00
4.367144109909383287e-01 -4.592224495761472181e-01 -2.824174218064892994e+00
4.371528792750657422e-01 -4.522069570301081587e-01 -2.831189710610932941e+00
4.428529669687225612e-01 -4.408067816427945207e-01 -2.841420637240572589e+00
4.448991522946507127e-01 -4.530838935983630966e-01 -2.848436129786612092e+00
4.440222157263957747e-01 -4.545454545454544748e-01 -2.834112832505115254e+00
4.473838059047062776e-01 -4.473838059047061666e-01 -2.832651271558023875e+00
4.397836889798304449e-01 -4.482607424729611045e-01 -2.837912890967553281e+00
4.352528500438468395e-01 -4.472376498099971398e-01 -2.817597193802980904e+00
4.334989769073370747e-01 -4.576147325343467021e-01 -2.844197603040046651e+00
4.410990938322127963e-01 -4.451914644840690993e-01 -2.809266296404560048e+00
