4.370067231803566599e-01 -4.685764396375328156e-01 -2.885267465653317487e+00
4.334989769073370192e-01 -4.656533177433499482e-01 -2.875621163402513947e+00
4.346682256650102327e-01 -4.640456007015492101e-01 -2.874598070739549538e+00
4.294066062554808272e-01 -4.685764396375329266e-01 -2.876936568254896187e+00
4.314527915814089787e-01 -4.630225080385852454e-01 -2.881613563285588597e+00
4.393452206957030315e-01 -4.706226249634610781e-01 -2.874451914644840844e+00
4.308681672025723719e-01 -4.659456299327681128e-01 -2.875913475591932222e+00
4.352528500438468395e-01 -4.674071908798597130e-01 -2.877813504823151014e+00
4.291142940660625515e-01 -4.641917567962584590e-01 -2.884828997369190962e+00
4.295527623501899650e-01 -4.593686056708563559e-01 -2.865536392867582549e+00
4.282373574978076691e-01 -4.586378251973107778e-01 -2.862759427068108486e+00
4.317451037708271988e-01 -4.624378836597485831e-01 -2.864659456299327722e+00
4.256065477930429664e-01 -4.573224203449283154e-01 -2.863636363636363757e+00
4.299912306343174340e-01 -4.618532592809119208e-01 -2.870651856182402817e+00
4.323297281496638611e-01 -4.599532300496930182e-01 -2.863490207541653731e+00
4.291142940660625515e-01 -4.606840105232389293e-01 -2.861297866121017552e+00
4.241449868459514772e-01 -4.646302250803859835e-01 -2.857059339374451667e+00
4.302835428237357651e-01 -4.659456299327682238e-01 -2.852090032154340982e+00
4.351066939491377017e-01 -4.649225372698040371e-01 -2.857643963753288663e+00
4.171294942999123068e-01 -4.557147033031276884e-01 -2.847413037123648127e+00
4.276527331189710623e-01 -4.611224788073662317e-01 -2.857205495469160805e+00
4.263373282665887110e-01 -4.527915814089448210e-01 -2.851651563870213124e+00
4.273604209295527867e-01 -4.624378836597486941e-01 -2.855451622332651151e+00
4.334989769073370747e-01 -4.657994738380591970e-01 -2.847266881028938545e+00
4.294066062554808272e-01 -4.555685472084185506e-01 -2.844343759134755789e+00
4.332066647179186880e-01 -4.656533177433499482e-01 -2.847413037123647683e+00
4.247296112247880839e-01 -4.596609178602747425e-01 -2.848289973691902954e+00
4.260450160771704353e-01 -4.557147033031276884e-01 -2.850336159017831328e+00
4.253142356036246907e-01 -4.624378836597485831e-01 -2.838789827535808108e+00
4.239988307512423393e-01 -4.573224203449284264e-01 -2.846243788365975025e+00
4.247296112247880839e-01 -4.538146740719087857e-01 -2.844051446945337958e+00
