-8.769365682548824203e-04 -4.823151125401881067e-03 -1.783104355451622935e-02
-1.023092662964075750e-03 0.000000000000000000e+00 1.388482899736917520e-02
-2.630809704764702772e-03 7.307804735457668066e-03 -3.507746273019585193e-03
3.069277988892143982e-03 2.776965799473840590e-03 -5.553931598947667303e-03
4.092370651856191976e-03 8.769365682547158869e-04 -4.969307220111088275e-03
1.461560947091461449e-03 2.923121894183866587e-04 5.261619409529391667e-03
3.361590178310419619e-03 1.900029231219013681e-03 1.052323881905875558e-02
4.384682841274412102e-04 7.307804735458001133e-04 7.307804735457446021e-04
2.484653610055537198e-03 -1.023092662964075750e-03 -6.138555977784260209e-03
-3.946214557147026403e-03 -2.046185325928151499e-03 -7.453960830166611595e-03
2.484653610055537198e-03 2.046185325928040477e-03 3.507746273019571315e-03
4.530838935983633187e-03 -2.923121894182756364e-04 -5.261619409529377789e-03
-1.753873136509792596e-03 -1.607717041800627022e-03 -5.553931598947681181e-03
-4.676995030692771005e-03 7.453960830166583840e-03 1.359251680795089956e-02
1.461560947091378182e-04 -2.046185325928151499e-03 -9.061677871967266373e-03
2.192341420637261562e-03 6.138555977784343476e-03 7.892429114294052805e-03
3.946214557147040281e-03 2.192341420637289318e-03 2.192341420637233806e-03
-2.630809704764702772e-03 -2.484653610055564954e-03 -6.577024261911729175e-03
-3.507746273019585193e-03 5.115463314820267726e-03 -4.969307220111074397e-03
-5.846243788365790284e-04 -2.923121894183866587e-04 -9.646302250803845402e-03
-5.115463314820184459e-03 -1.023092662964075750e-03 -5.846243788366067839e-04
-4.384682841274412102e-04 5.992399883075094635e-03 2.046185325928123744e-03
2.338497515346371625e-03 1.023092662964075750e-03 -8.184741303712383953e-03
-3.069277988892130105e-03 -3.946214557147054158e-03 -4.530838935983605431e-03
-1.315404852382323631e-03 4.238526746565440817e-03 5.846243788366067839e-04
-7.307804735457446021e-04 -5.700087693656930021e-03 -2.046185325928095988e-03
-5.992399883075122391e-03 6.138555977784232454e-03 6.577024261911729175e-03
-2.192341420637233806e-03 -5.846243788365512728e-04 5.700087693656818999e-03
-4.384682841274467613e-03 1.023092662964075750e-03 4.676995030692798760e-03
8.769365682549101759e-04 -2.630809704764591750e-03 2.923121894182978409e-03
8.769365682548962981e-04 7.161648640748308203e-03 4.384682841274467613e-03
